((("char" .
   [1 0 0 0])
  ("int" .
   [2 0 0])
  ("struct" .
   [1 0 0 0 0 0])
  ("static" .
   [2 0 0 0 0 0])
  ("extern" .
   [0 0 2 0 0 0])
  ("hello" .
   [3 0 0 0 0])
  ("global-syntax-subword-mode" .
   [0 0 0 0 0 0 0 0 0 0 1 0 0 0 0 0 0 0 0 0 0 0 0 0 0 0])
  ("package" .
   [1 0 0 0 0 0 0])
  ("enable" .
   [1 0 0 0 0 0])
  ("conf" .
   [1 0 0 0])
  ("syntax-after" .
   [0 0 0 0 0 0 1 0 0 0 0 0])
  ("module" .
   [1 0 0 0 0 0])
  ("register" .
   [0 0 0 0 0 1 0 0])
  ("init" .
   [1 0 0 0])
  ("Method" .
   [1 0 0 0 0 0])
  ("New" .
   [1 0 0])
  ("String" .
   [2 0 0 0 0 0])
  ("target" .
   [1 0 0 0 0 0])
  ("void" .
   [3 0 0 0])
  ("scope" .
   [1 0 0 0 0])
  ("return" .
   [1 0 0 0 0 0])
  ("Handle" .
   [2 0 0 0 0 0])
  ("const" .
   [1 0 0 0 0])
  ("v8" .
   [1 0])
  ("namespace" .
   [0 0 0 0 0 1 0 0 0])
  ("using" .
   [1 0 0 0 0])
  ("include" .
   [4 0 0 1 0 0 0])
  ("this" .
   [1 0 0 0])
  ("/" .
   [1])
  ("shell-file-name" .
   [0 0 0 0 0 0 0 0 1 1 0 0 0 0 0])
  ("setq" .
   [4 0 0 0])
  ("name" .
   [3 0 0 0])
  ("default" .
   [2 0 0 0 0 0 0])
  ("set" .
   [1 0 0])
  ("load-theme" .
   [0 0 0 0 0 1 0 0 0 0])
  ("emacs" .
   [3 0 0 0 0])
  ("the" .
   [5 0 0])
  ("t" .
   [5])
  ("Your" .
   [0 1 0 0])
  ("sv" .
   [0 1])
  ("defun" .
   [2 0 0 0 0])
  ("let" .
   [5 0 0])
  ("point-max" .
   [2 0 0 0 0 2 0 0 0])
  ("point-min" .
   [3 1 0 0 0 0 0 0 0])
  ("message" .
   [1 0 0 0 0 2 0])
  ("test1" .
   [3 0 0 0 0])
  ("let*" .
   [2 0 0 0])
  (":" .
   [1])
  ("*" .
   [1])
  ("100" .
   [0 0 1])
  ("ruler-mode" .
   [0 0 0 0 1 0 0 0 0 0])
  ("s" .
   [1])
  ("de" .
   [2 0])
  ("c" .
   [1])
  ("that" .
   [1 0 0 0])
  ("words" .
   [0 0 0 0 1])
  ("load-file" .
   [1 0 0 0 0 0 0 0 0])
  ("syntax-subword" .
   [0 0 0 0 0 0 0 0 0 0 1 0 0 0])
  ("syntax-subword-mode" .
   [1 0 0 0 0 0 0 0 0 1 1 0 0 0 0 0 0 0 0])
  ("cons" .
   [1 0 0 0])
  ("multiple-cursors" .
   [0 0 0 0 0 0 0 0 0 0 1 0 0 0 0 0])))
